[backpain.jpg]
filters=crop64=1,8b0000fc75ffff;TwoTone=1,0.000000,20.000000,0.000000,00004488,ffbee8ff;Lomo=1,50.000000,0.000000;
crop=rect64(8b0000fc75ffff)
moddate=38c9cbac096acf01
width=940
height=300
text=1;131;9;Back Pain;Andalus;0.121701,0.306726,0.280761,0.000000;v1,4282925270,4282925270,128.000000,1.000000,0.500000,1.000000,400,2,49152;;
textactive=1
[heart.jpg]
filters=Invert=1;Invert=1;Invert=1;Sixties=1,20.000000,ffffd2e0,1;Vignette=1,35.000000,1.400000,0.000000,ff58001e;
moddate=c44cfb3b0b6acf01
width=950
height=306
textactive=0
[breast-cancer.jpg]
filters=Neon=1,0.000000,ff3a0067;Invert=1;TwoTone=1,0.000000,20.000000,0.000000,00004488,ffbee8ff;Lomo=1,50.000000,0.000000;
moddate=32376d220c6acf01
width=940
height=298
textactive=0
[pathome.jpg]
moddate=7e91209ce76ccf01
width=927
height=380
text=1;135;12;Patient Home;Andalus;0.240548,0.712195,0.196582,6.283185;v1,4278190080,4278190080,128.000000,1.000000,0.000000,1.000000,400,0,49152;;
textactive=1
